'''
Created on Oct 20, 2009

@author: jakub
'''
if __name__ == '__main__':
    from numpy import *
    K1 = array([[  1.11645497e-04,   2.12126444e-03,   7.91666667e-03,   4.16666667e-04],
               [  2.12126444e-03,   4.03040244e-02,   1.50416667e-01,   7.91666667e-03],
               [  7.91666667e-03,   1.50416667e-01,   5.61362642e-01,   2.95454022e-02],
               [  4.16666667e-04,   7.91666667e-03,   2.95454022e-02,   1.55502117e-03]])
    
    K2 = array([[  1.55502117e-03,   2.95454022e-02,   7.91666667e-03,   4.16666667e-04],
                [  2.95454022e-02,   5.61362642e-01,   1.50416667e-01,   7.91666667e-03],
                [  7.91666667e-03,   1.50416667e-01,   4.03040244e-02,   2.12126444e-03],
                [  4.16666667e-04,   7.91666667e-03,   2.12126444e-03,   1.11645497e-04]])
        
    print K1+K2